4007192605811
4540774143726
886973138427
743216523429
696998020429
4988034205546
656605130323
731455806021
781484037323
722975007821
5022911311131
674012927626
075992661522
4943674117680
093624670223
6007689523749
4988006680036
720616106520
724359050928
044006336121
886973692127
075679127822
606949326128
014431058820
4260255242730
602498643907
5907785017511
074646944028
060768632028
4548967436518
724347708824
3426300049605
2966704212
015775159723
700435702325
4001617724323
724382974826
9324690039463
077779750627
0077779808021
020286137429
5051890083531
075992684620
4988002390359
5050159175291
4988006632158
888837015028
07464801282
724352081028
075596020527
618681001829
4943674255573
068381215628
744861016229
821797075923
4562209702315
008811167127
075992744423
196588315626
720616103727
823276200628
093624560029
0602465751192
602517601352
828767146027
5099943803422
5099751076322
4005000618268
888751758629
075596138529
724383342624
0805772818323
5099747303920
724381337820
068944700226
9397603202827
4015689008021
5998272701891
731454105125
600753387191
4076290125460
714932201229
724353611125
886970829021
4607147892121
0726436580106
9332727013621
042283870727
720616123428
191401217729
0602547053114
731451873829
648401039726
720642425428
0718750899927
782706673718
016255500226
5099750230695
7059135211976
5060978392779
074643494625
4011222040268
008811038922
5020393301527
4988002438792
889854086220
5013929491243
602498111147
693723796321
5013929929623
4013659230168
614223215228
4988013399839
075678148026
724347708923
075678261121
886972399027
00074643
731454101424
767004804224
093624974185
195269350192
0077779183722
4943674043989
740155142421
075679241320
075678263224
075678263323
602527747361
0602527475639
8809270025308
887254156925
03051363198015448952
064027109627
075678253621
777495323746
017046183420
015775178922
4571236780135
5013929185708
042281418020
723540263345
733792735521
015775179226
780014214227
074646792025
044006329222
724384496722
638812730626
075678267826
790377063028
8721215328711
634457195752
731451034725
4988006867321
724385584527
810135719681
5099747018824
093624738626
602527015620
785034136511
739344404426
9399603056028
724359423326
605457911420
4260080280013
731454027021
4948722563990
5033281012610
4547366208696
5013929722729
602527983264
634904019129
083061077129
600064789929
782388135320
731454025928
094632185723
075679244420
603497816200
191400080126
093624814023
741157060027
700261851877
075992642026
4988005221803
602498225110
5051068001220
3426300045034
5013428781760
191400045323
7090008319009
763416069831
4024572274719
077774626729
5099747027420
075596180726
4545991000883
5605064306348
602537660193
603497813773
636551556620
020831410922
081227990213
9340650004371
731454101622
074646901526
419666530550804
5063176063328
7391946200597
4582237829211
731451476624
5016958034627
068381224224
699675114220
724359802725
075596077422
6001491259025
602517560550
5099746344726
5021732398635
602468018995
5099747889523
9399700085501
888430072527
022775727227
075992414821
765449262524
888837627726
190394917197
053436821923
5055006560619
607396646524
824302385920
078636767727
075992598224
4988013418035
035498012327
4948722376279
4538182778630
602465532852
606949072926
602498496275
4048876661853
010963103625
077779088522
750078004522
095483237524
8436589069350
4988014727662
9397603373626
4260437155223
809236003621
0602537693382
075021536722
4526180637653
075678152924
602537489022
711297534221
5017261206176
098787106022
018771800422
5060105490606
724385031625
888072709898
035498003523
5033197487823
199066889879
077778698425
7059135215110
700261241135
867014110121
5013929460546
850014131975
4580312731015
075992580120
6420114012692
750078000524
7798053390713
4607147892114
0664140050129
707239009520
809236004147
5032966098222
724347701429
088561103521
5099920857028
078635300925
826853005425
731453435728
4607085211602
2090504433709
766604900121
888072308725
809274433527
602478849084
0602527973661
008811160722
724383901227
3429020148283
025218969024
5060119300434
4050538601091
016861766559
823566504726
4028466106292
7798049049540
077774694827
3838896000807
724349976825
788817012026
724384185022
5060183700901
075596042826
5099749189324
4009910231722
723248304524
7391710284020
094637084328
093624573425
4988006636347
809236177025
720616103529
0724352757329
191400060128
605563612228
0602537910687
5050159178223
888072027435
824302001929
4002587625061
7290013013743
803341362322
723853116024
724382184928
731452375223
888072055179
888430996526
075678152627
094636689920
880794007412
715971102423
0702571971894
4988031623985
9326425803455
010963112023
079892201123
603497862788
5050159837700
4988005194718
042284771726
5099950358021
5013929141025
602527922263
888751709126
4988044371170
4540774250677
846070096723
9324690008261
7059135210542
808131122024
5060133744894
022925563026
9399700101218
7320470090206
4988005551795
081227996154
792487016222
600753994719
4571260586413
018771210528
656605606422
3858882144025
602498678299
7350006762383
5013929780521
5060124571485
634457184725
724347709029
042284723121
602527638768
0825646146611
5099750992524
4988010528522
081227819828
008811188726
724383017027
4048876661679
081227837624
075992737722
098787019629
778631306227
090204695324
075992723022
075596249423
5414165110279
4009910467121
075992722629
3426300045218
4571136372294
762295000522
094639720026
075679032522
828766386424
075992668026
5017261207869
886976382124
731454097420
077779004423
600753988046
3700426915953
5099950235025
077774615723
743212755824
198999503852
075992583824
724352624522
724349771925
014431050022
4988013885134
650869663726
6420114010131
724383560929
4066218055016
5021449941728
664140215023
5908259313344
884501033466
602498419496
603497815302
4548967279092
827590110021
050087240783
650869664525
887830018425
4988044056121
646920306923
194660725868
0641243045177
619061167425
656605172828
4001617515426
4951559112630
780014214425
4988006381810
4571236781019
724381284926
5013929458529
081227338428
4007192529704
602537260065
0075596175821
837101315425
5050467979826
075992597920
682683156221
602537125890
068381224323
601215993523
718751845626
876492003054
075992745024
9313670306510
759718538427
074646803028
50000004840270000000
5033197156729
688907101725
520303773522
5063692363841
634904015121
753417006621
602527552897
077774640480
008811908423
4988053605594
888174429427
036172952021
801056840325
081227996116
724352407521
744861114826
4601777302319
606949088729
4742062000876
4260069340288
707239018423
075679250520
638812703125
7073317002787
5099749478824
643443104821
6420615860464
656605101422
767981110929
634457562721
0208313478280
419402411190606
5017261204509
077774641326
5906395769346
688907101824
827969511527
693723022826
8718858190775
724354157158
042284912426
860011917212
4988002615926
6417734121354
600753087619
077774647823
4988002223817
4009910510926
9002986122852
827912009521
4543034016396
602517669277
741157183528
075992724326
4988006822849
093624846727
193428885844
0075597899016
7296134413929
035498005626
090431054727
045778800926
008811160227
044006016344
4988006791749
9326382003318
602498225103
4050538394627
4988006636354
743215358725
054895212024
634904016227
7215115810076
195269209834
658049113528
3426300043276
075679139528
634904015022
8016158317237
014431053627
824302384121
042282849823
093624647423
045863228024
5099751860921
4988013886834
077774638425
9332727048593
664140356023
4988013046603
6001210123132
8712155111990
4995879200186
4582237827088
888751709522
0014431053023
88998923
4007182908588
0075678995309
068381234124
670211507621
4988034205270
093716002529
610535259721
4988006665552
4988002729616
0208313814226
731453475427
731452456328
4988013225107
4897012139592
9336043001416
008811202224
5099751076728
198001557880
806838208324
777495138043
4606817519108
191400065222
093624509028
4988008456936
4988008309034
7707247551045
5029385993900
5999861659425
191400074828
602498225127
082839716420
5020293200098
075678036521
0885444466311
0191400085022
651177140121
616892379546
4061798459636
075678187124
081227116620
76731118529
098787024326
5054526867680
4988013788145
021561808720
5013929488144
074645334820
5099960622822
8606004648013
848064018155
3426300045737
4015398001122
859708939514
4024572405366
4540774149193
4540774140176
077774667524
602527342955
094635569520
698368102223
5017644900127
698458940124
887654383525
602498225097
017046125222
3426300046123
884108001547
419666530550806
602537919635
4935228110445
081227388126
602475245629
4029759203599
042282000620
825646020423
068381404725
602537379439
0077779807925
0077779483822
602537474035
600753422441
8430526412018
5099751075820
074645330921
887654189523
4988010241759
053477220426
074646706022
600665769320
052824221826
5991913250116
5604931171423
724382975229
7798014091000
886922441394
605457802926
5050159192625
801670202424
4988011322570
008811228224
5065019688101
081227989866
4820011260011
0602475203124
074643246224
888295649377
075678152726
0801262250482
7320470019832
720642500927
0602527379722
4520227009724
9320881302521
7090014393734
077774668224
731454016223
843930137824
5450162351208
724383978229
4000127163448
5099990650826
828766563528
887828028702
7798125200070
886977385728
602455034533
0602498118078
5998272703055
5021732395801
036172093724
5099751644521
0094632193025
617742077223
4943674070244
5099882317424
600197012925
020286243410
8714092648829
094633699328
4988005750617
042282053329
066825100721
886976719227
7393210235069
731454056120
4988053600841
602508391361
014431050220
731452461223
7320470068885
5024545485424
744626006427
4009910510827
081227964597
4988013802346
5099749460522
5099902894522
5021456002221
602517924017
731454003025
777499327986
656605957326
07464349502
042282053220
4988002512447
769051224826
4029759130147
776693581828
602024884507
075596289221
090431562222
4562109405996
042285415124
3426300047168
4988021853163
745099181420
4009910510728
050087250591
727321634928
0803341525511
731455208528
075678263828
888837633628
777499306028
0602527783734
711574563524
724359657622
5099748686329
656605164526
724359423524
5018766961911
5050294107621
828767317724
094632117526
602498444825
077779703920
5291012905727
9399746746220
4548967299496
8026575100121
724354037825
4540774149414
601215392029
4988005745408
5099970156522
042280005221
00474333510000200019
0600753355633
7090008312543
4988014355032
7567815492
4988002507511
4988064302611
075596062725
8426946017612
5904653776501
602498444771
789856305520
724352075324
457366032482
3850125612926
008811159023
9421025876998
5099751076025
5029385866778
076119400321
6001210164937
5013929431041
4007196647510
602517028029
743214149126
075992377324
7863520412
888174801391
8717423057406
5019148622413
886979332423
650869663320
0077779182824
776974219921
5099750800027
00602475459248
724353261429
810540036465
0070510511358
5015071002605
094637084229
693723724126
5099996501924
4540774140886
025218968928
007243494245
4988014728539
068381224125
824302385128
078635668629
780014211226
8595026656420
8208690020922
724359423425
8712155042966
9332727038136
5050749210029
068381215123
789577536029
889211828067
827590239128
198028224628
790168599026
731451419720
014431057724
015775165021
3558130000881
081227952358
093624300120
840381600877
077778950424
5200322500591
074643618328
803341354371
8429006400928
008811191726
008811205522
685738864225
4540774400539
044114165323
3426300045751
4571136372041
5400863157852
419666530550801
724384062026
042283962620
7044176290028
5018524108022
0602517545229
5099996483725
4571223050227
636551420327
5099749848191
602498677155
5099751075929
011661903623
801670121626
4545991000968
3426300041654
094922600882
724382524229
5099751077022
008811198725
5200123662245
724347709326
821826027404
016241200628
888751057821
5099950444021
015775152328
0883870045827
886979446922
888750636928
5099747142420
4943674156825
4540774140657
5031281003898
4988002667826
5998856550204
075596218627
7059135213307
036172114429
077774644228
601215917826
720616140821
042281031328
886973519929
194397832327
5051890083722
0600753320525
884501583206
5013929432635
4006408231066
720616123220
888295993104
819873019510
724383553624
803415761227
650869664723
7432163757218
042284853026
731455350722
4020796416508
9397603365126
711574592029
810599024772
022891464822
5099747121623
042281031427
875929000727
077779148028
5099747855528
603497851683
5028479031528
090317277028
634457156203
4988006860896
5013929862005
634457001381
643443100625
59998616592568
821797076067
889854367725
4988067034687
8690116403912
5055159751209
5021456120284
656605314822
5029575731725
7059135215554
4571136371518
0789470899269
8718627230077
0647581130599
685381745216
075679039125
5013929173033
5063692362462
8595005102436
075596049627
615493010926
7090015570158
8423646381630
888072708556
666629155721
731453126220
4607014145596
4988061872803
828768886021
6857381645238
5706238312940
075678251726
8712177008360
4540504000596
7293627810227
824953004621
602455539229
5017161120541
3760061173200
4099964174670
803238082523
042282736925
0600753320778
602527601175
724354324628
886973923825
094635771626
4988008948936
732388012183
656165850921
081227353728
075678252525
7320470152089
8429085261298
4011760085622
008811265724
4517991110220
044006327723
886975409822
600753380840
4607147900376
4607147892756
4988010547028
074645736228
4988006710825
4988002667819
888072162891
602498225134
075678999925
5014182412969
4943674146109