9780006281436
9780006281443
9780006499152
9780006499480
9780006532286
9780006547747
9780006547754
9780007117536
9780007134724
9780007139842
9780007174805
9780007179640
9780007179817
9780007220854
9780007243679
9780007247370
9780007254019
9780007259892
9780007260829
9780007284870
9780007285754
9780007294664
9780007300846
9780007301560
9780007318520
9780007321414
9780007347438
9780007696987
9780060005696
9780060391690
9780060589073
9780060756901
9780061208492
9780061241895
9780070246300
9780071396844
9780077114756
9780091777494
9780091796297
9780091801137
9780091874568
9780091900113
9780091913878
9780091914172
9780091918576
9780091924096
9780091924775
9780091925222
9780091929787
9780091932084
9780099273899
9780099283577
9780099289524
9780099422464
9780099422587
9780099436829
9780099450252
9780099455073
9780099464464
9780099477310
9780099479918
9780099488682
9780099492733
9780099506928
9780099512790
9780099549024
9780099553229
9780099769514
9780140052473
9780140069990
9780140077155
9780140135824
9780140139969
9780140179972
9780140234015
9780140237504
9780140367980
9780140442731
9780140621723
9780140622683
9780141007229
9780141007571
9780141011905
9780141013008
9780141014593
9780141015668
9780141019451
9780141020525
9780141022024
9780141022741
9780141022826
9780141023007
9780141026831
9780141027289
9780141029542
9780141033914
9780141036342
9780141039237
9780141040011
9780141044804
9780141046365
9780141182476
9780141182674
9780141188416
9780141317083
9780141441146
9780143105428
9780192800893
9780192823755
9780192854582
9780192880314
9780195079067
9780195137873
9780199244928
9780199289646
9780201379372
9780201615982
9780224074261
9780226534213
9780230500013
9780230708983
9780241142165
9780241143483
9780262620017
9780262633277
9780262693264
9780273722656
9780273722687
9780297835240
9780297847335
9780300054293
9780307398512
9780321193858
9780321344755
9780321384010
9780321432063
9780321445612
9780321525598
9780321660763
9780330303279
9780330309578
9780330313100
9780330322690
9780330331692
9780330341219
9780330390163
9780330432740
9780330448444
9780330450089
9780330451406
9780330456715
9780330456791
9780330485388
9780330486347
9780330510158
9780330510165
9780333647868
9780340696767
9780340818862
9780340836293
9780340896969
9780340943656
9780340951699
9780340953624
9780340977989
9780340994689
9780349113463
9780349119281
9780385269032
9780385605878
9780393301663
9780394729114
9780415260091
9780415262736
9780419221104
9780434013456
9780436350283
9780462099637
9780465017270
9780470072783
9780470181973
9780470253120
9780470744598
9780470876411
9780471078722
9780471253112
9780471288213
9780471495420
9780471748984
9780471752165
9780486247779
9780486419190
9780500201770
9780500273586
9780500342190
9780500513019
9780521792646
9780525951360
9780552144957
9780552159722
9780552557795
9780552771238
9780552771306
9780552772549
9780552772815
9780552773119
9780552773317
9780552773768
9780552773898
9780552774222
9780552995047
9780552996457
9780552997041
9780552997881
9780552998482
9780552999953
9780553816785
9780563362838
9780563551393
9780571152230
9780571215164
9780571218226
9780571220779
9780571221370
9780571233724
9780571237036
9780571245062
9780571251674
9780575083929
9780575083967
9780575089365
9780575089389
9780575089402
9780575089426
9780575091047
9780575091054
9780582461468
9780593053898
9780593058688
9780596000585
9780596004613
9780596007874
9780596100162
9780596153816
9780596154141
9780596520120
9780596523695
9780596528386
9780600612551
9780670915637
9780671212094
9780676976953
9780679776819
9780684833392
9780684834436
9780684837376
9780684846477
9780701172848
9780711211179
9780712648172
9780712649315
9780712651127
9780712655231
9780712657594
9780712676090
9780712678865
9780713673890
9780713675894
9780713999891
9780718144845
9780718149154
9780718154349
9780718154837
9780719561023
9780719561153
9780719561276
9780719563461
9780719568923
9780719569036
9780719912597
9780735714106
9780736031806
9780743235273
9780743246989
9780743291255
9780743295307
9780743497466
9780744590074
9780745609256
9780745635156
9780745642239
9780747531456
9780747532743
9780747535201
9780747545637
9780747550990
9780747551003
9780747558194
9780747564089
9780747580799
9780747581086
9780747582335
9780747585893
9780747589068
9780747590989
9780747591054
9780747594888
9780747595168
9780747805175
9780749005344
9780749320201
9780749395698
9780749397548
9780749435783
9780750653855
9780750657631
9780750934244
9780751310757
9780751535662
9780751537079
9780751537284
9780751537895
9780751545630
9780752215822
9780752837604
9780752856254
9780752864143
9780753507261
9780753807736
9780753810743
9780753810873
9780753820254
9780753820278
9780755316380
9780755331420
9780755343591
9780761128182
9780764507786
9780764537516
9780766849457
9780800626792
9780803928312
9780804832953
9780810930957
9780811845298
9780823021734
9780857080455
9780875846514
9780875847474
9780875848334
9780875848822
9780903505437
9780954642815
9780955203664
9780955745911
9780957921849
9780961392147
9780972652919
9780972652926
9780972652933
9780972652940
9780974514062
9780975579909
9780975841945
9780978739225
9780980455298
9781400025558
9781401301019
9781401359287
9781401903404
9781403996855
9781403997401
9781405206174
9781405208093
9781406302790
9781406306804
9781406321081
9781408808870
9781409508991
9781416511229
9781416562597
9781430216261
9781430224778
9781439566039
9781560526797
9781565924536
9781565924796
9781565928466
9781568580623
9781568987699
9781569246818
9781573226882
9781578512508
9781578517084
9781580050753
9781582341354
9781587051791
9781590597071
9781590597873
9781592534470
9781593373290
9781593375065
9781594481932
9781594743344
9781599869773
9781740590921
9781740592093
9781740593359
9781740599160
9781740599733
9781741041569
9781741042979
9781741044805
9781741045901
9781741046762
9781741048339
9781741049183
9781741049718
9781741791747
9781742200934
9781840184112
9781840188233
9781840220551
9781840245530
9781841127255
9781841155661
9781841198781
9781841216072
9781841575308
9781841582832
9781841952253
9781841953922
9781842363201
9781842555897
9781842751794
9781842752104
9781842752258
9781843304999
9781843312192
9781843534976
9781843536819
9781843540236
9781843547204
9781844035984
9781844076949
9781844085507
9781844137862
9781844253319
9781844286195
9781844286201
9781844672943
9781845950996
9781846041037
9781846073991
9781846140396
9781846140686
9781846141218
9781846142765
9781846169694
9781846551383
9781846552205
9781846680168
9781846680373
9781846701542
9781846941764
9781846970368
9781847081353
9781847240453
9781847245458
9781847422019
9781847562081
9781847670359
9781847670830
9781847670946
9781847671691
9781847673220
9781847673510
9781847674272
9781847940131
9781847960054
9781848091610
9781848092556
9781848092631
9781848501164
9781848870574
9781848872318
9781851121656
9781851493081
9781852424671
9781852853532
9781852860240
9781853260001
9781853260612
9781853260711
9781853260995
9781854377500
9781854585448
9781854904034
9781856197212
9781856691345
